11111111010000010000000100010011
00000000000100010010010110100011
00000000100000010010010100100011
00000000110000010000010000010011
00000001110100000000010100010011
11111110101001000010101110100011
11111111011101000010011100000011
00000000001000000000011110010011
00000000111101010000110011100011
11111110111101000010110110100011
00000000000000000000011001100011
11111111011101000010011100000011
11111111101101000010011110000011
00000010111101110110011110110011
00000000000001111001100101100011
00000000000000000000011110010011
00000000000000000000110101100011
11111111101101000010011110000011
00000000000101111000011110010011
11111110111101000010110110100011
11111111101101000010011110000011
00000010111101111000011110110011
11111111011101000010011100000011
00000000111001111100010111100011
00000000000100000000011110010011
00000000000001111000010100010011
00000000101100010010000010000011
00000000101000010010010000000011
00000000110000010000000100010011
