11111111100000010000000100010011
00000000100000010010001110100011
00000000100000010000010000010011
00000000100000000000010100010011
11111110101001000010110110100011
11111111101101000010011110000011
00000000000001111000100001100011
11111111101001000010011100000011
11111111101101000010011110000011
00000000111101110000011110110011
11111110111101000010110100100011
11111111101101000010011110000011
11111111111101111000011110010011
11111110111101000010110110100011
00000000000000000000001111100011
11111111101001000010010100000011
00000000011100010010010000000011
00000000100000010000000100010011