11111111000000010000000100010011
00000000000100010010011000100011
00000000100000010010010000100011
00000001000000010000010000010011
00000000000001010010001010000011
00000000000100000000001100010011
00000000101100110101010101100011
00000000001000110001001110010010
00000000011101010000001110110011
00000000000000111010111000000011
00000001110000101101000101100011
00000000000011100000001010010011
00000000000100110000001100010011
11111110000000000000110011100011
00000000000000101000010100010011
00000000110000010010000010000011
00000000100000010010010000000011
00000001000000010000000100010011