11111111100000010000000100010011
00000000100000010010001110100011
00000000100000010000010000010011
00000000000100000000001010010011
11111110010101000010110100100011
00000000101000000000001010010011
11111110010101000010110110100011
11111111101101000010001010000011
00000000000000101000100101100011
11111111101001000010001100000011
11111111101101000010001110000011
00000010011100110000001100110011
11111110011001000010110100100011
11111111101101000010001010000011
11111111111100101000001010010011
11111110010101000010110110100011
00000000000000000000010001100011
00000000000000000000010100010011
00000000011100010010010000000011
00000000100000010000000100010011